claro = [-23 45 59.76; -46 27 30.60;
-23 39 27.36; -46 31 47.64;
-23 37 33.24; -46 31 56.28;
-23 38 35.16; -46 30 19.45;
-23 41 18.96; -46 31 49.44;
-23 42 09.72; -46 30 02.16;
-23 39 03.60; -46 32 40.57;
-23 40 54.12; -46 32 36.60;
-23 37 57.00; -46 31 02.28;
-23 38 33.00; -46 31 53.04;
-23 40 05.16; -46 32 00.00;
-23 38 58.92; -46 31 53.04;
-23 37 41.88; -46 30 11.16;
-23 40 54.12; -46 30 53.28;
-23 39 32.07; -46 29 47.05;
-23 39 37.08; -46 32 38.39;
-23 41 25.44; -46 29 47.76;
-23 37 57.72; -46 30 49.69;
-23 38 07.41; -46 32 36.45;
-23 39 43.92; -46 31 26.04;
-23 40 00.00; -46 32 33.36;
-23 40 16.60; -46 31 13.09;
-23 37 25.00; -46 32 39.00;
-23 38 18.96; -46 29 26.52;
-23 37 24.60; -46 31 13.44;
-23 38 47.04; -46 30 57.24;
-23 36 53.33; -46 31 22.40;
-23 38 15.00; -46 31 27.84;
-23 37 04.08; -46 32 06.00;
-23 37 29.64; -46 29 30.12;
-23 47 24.36; -46 18 17.27;
-23 39 41.88; -46 32 05.27;
-23 39 52.42; -46 30 58.61;
-23 38 13.24; -46 30 08.86;
-23 40 22.40; -46 31 36.30;
-23 40 19.90; -46 32 51.00;
-23 41 23.39; -46 30 53.11;
-23 40 30.00; -46 32 17.00;
-23 41 41.98; -46 31 17.58;
-23 43 32.58; -46 29 19.36;
-23 38 34.33; -46 32 31.20;
-23 40 29.67; -46 29 09.13;
-23 39 53.65; -46 32 43.61;
-23 40 35.00; -46 30 24.87;
-23 39 08.18; -46 32 08.83;
-23 38 38.70; -46 33 09.79];

nextel=[-23 38 48.10; -46 32 06.90;
-23 39 05.51; -46 32 37.46;
-23 40 30.33; -46 32 17.21;
-23 38 00.86; -46 32 56.14;
-23 38 20.00; -46 29 28.00;
-23 38 20.00; -46 29 28.00;
-23 37 45.62; -46 30 31.11;
-23 39 07.20; -46 31 13.69;
-23 39 43.63; -46 31 57.76;
-23 42 11.75; -46 30 05.59;
-23 38 46.42; -46 33 31.59;
-23 39 29.19; -46 32 19.80;
-23 39 34.09; -46 32 59.39;
-23 38 10.99; -46 31 51.60;
-23 40 16.98; -46 31 14.60;
-23 40 03.79; -46 32 43.58;
-23 41 09.36; -46 30 54.76;
-23 43 34.57; -46 29 19.14;
-23 37 33.98; -46 29 28.29;
-23 39 13.10; -46 31 57.40;
-23 39 07.05; -46 29 57.86;
-23 37 06.67; -46 32 07.13;
-23 41 26.73; -46 29 48.87;
-23 40 31.59; -46 30 10.54;
-23 38 27.90; -46 30 22.80;
-23 40 10.60; -46 32 08.40;
-23 38 57.20; -46 31 55.40;
-23 41 44.30; -46 31 04.40;
-23 38 15.10; -46 31 03.00;
-23 38 16.00; -46 32 38.00;
-23 39 37.70; -46 31 39.30;
-23 39 59.00; -46 30 07.00;
-23 41 28.67; -46 31 34.20];

oi=[-23 40 08.00; -46 32 59.00;
-23 37 25.97; -46 31 14.99;
-23 38 20.10; -46 29 27.80;
-23 38 52.58; -46 31 11.48;
-23 37 10.20; -46 32 05.39;
-23 38 36.49; -46 30 20.95;
-23 41 28.68; -46 31 34.21;
-23 38 36.60; -46 31 47.86;
-23 40 50.48; -46 32 46.10;
-23 41 21.48; -46 29 57.12;
-23 37 50.62; -46 30 51.11;
-23 38 06.30; -46 32 36.80;
-23 45 59.98; -46 27 32.36;
-23 37 34.68; -46 29 28.82;
-23 39 43.92; -46 31 15.13;
-23 39 21.00; -46 31 43.20;
-23 38 58.81; -46 31 53.37;
-23 40 05.08; -46 32 00.10;
-23 39 49.93; -46 32 25.73;
-23 37 33.70; -46 32 33.50;
-23 42 10.90; -46 30 43.90;
-23 39 53.49; -46 31 41.97;
-23 39 09.38; -46 32 16.78;
-23 40 51.57; -46 31 26.21;
-23 40 39.70; -46 30 19.84;
-23 38 11.00; -46 31 28.24;
-23 42 05.12; -46 31 32.96;
-23 40 45.50; -46 30 51.60;
-23 40 28.58; -46 32 25.30;
-23 41 36.33; -46 30 54.04;
-23 40 19.05; -46 29 45.18;
-23 39 59.09; -46 30 07.35;
-23 39 38.74; -46 32 01.47;
-23 42 11.36; -46 30 05.56;
-23 37 50.12; -46 31 45.51;
-23 39 35.83; -46 33 00.78;
-23 40 05.40; -46 32 00.10;
-23 40 16.93; -46 31 14.99;
-23 38 11.94; -46 30 09.11;
-23 43 32.30; -46 29 19.30;
-23 39 06.50; -46 29 57.90;
-23 41 25.80; -46 29 48.90;
-23 41 38.50; -46 30 18.90;
-23 39 44.70; -46 31 27.30;
-23 41 21.00; -46 31 50.10;
-23 37 59.50; -46 30 48.80;
-23 39 07.50; -46 32 11.60;
-23 37 26.60; -46 31 29.80;
-23 41 43.10; -46 31 19.20;
-23 38 39.00; -46 30 36.20;
-23 38 35.90; -46 31 53.10;
-23 37 29.30; -46 32 31.40;
-23 38 59.80; -46 32 41.80;
-23 39 43.80; -46 31 57.20;
-23 40 22.60; -46 32 28.80;
-23 40 01.50; -46 32 34.50;
-23 42 27.30; -46 30 04.50;
-23 40 32.90; -46 31 58.50;
-23 37 31.00; -46 29 31.00;
-23 38 48.40; -46 30 58.60;
-23 39 48.60; -46 30 29.00;
-23 39 00.10; -46 31 57.60;
-23 39 38.50; -46 30 27.90];

telefonica=[-23 40 59.46; -46 31 57.74;
-23 40 35.63; -46 30 24.97;
-23 40 22.94; -46 32 29.76;
-23 38 18.00; -46 30 35.00;
-23 37 50.35; -46 31 45.62;
-23 39 35.73; -46 31 51.64;
-23 38 38.36; -46 33 09.68;
-23 40 51.42; -46 30 50.20;
-23 37 10.16; -46 32 05.28;
-23 39 33.23; -46 32 38.29;
-23 40 31.52; -46 31 26.02;
-23 38 52.58; -46 31 11.48;
-23 40 04.02; -46 31 44.45;
-23 37 58.44; -46 32 43.08;
-23 38 48.23; -46 32 17.51;
-23 39 11.29; -46 31 33.87;
-23 39 15.33; -46 32 07.73;
-23 39 39.44; -46 31 17.60;
-23 42 10.92; -46 30 44.04;
-23 40 14.03; -46 33 02.84;
-23 37 28.76; -46 31 30.74;
-23 38 58.00; -46 31 51.00;
-23 38 58.01; -46 31 51.02;
-23 38 20.18; -46 29 27.77;
-23 47 25.49; -46 18 18.48;
-23 38 38.30; -46 33 37.38;
-23 39 07.34; -46 29 56.98;
-23 40 06.25; -46 32 02.43;
-23 38 58.81; -46 31 53.37;
-23 40 05.14; -46 32 23.31;
-23 43 34.23; -46 29 20.64;
-23 41 44.25; -46 31 04.43;
-23 39 38.92; -46 31 19.74;
-23 40 57.49; -46 29 59.01;
-23 42 11.36; -46 30 05.56;
-23 46 30.90; -46 22 30.90;
-23 38 16.12; -46 31 45.48;
-23 36 54.06; -46 31 44.06;
-23 39 49.47; -46 30 25.51;
-23 38 18.11; -46 32 41.98;
-23 39 39.24; -46 30 58.46;
-23 39 47.82; -46 30 35.46;
-23 40 06.06; -46 31 05.07;
-23 37 34.34; -46 29 28.76;
-23 39 50.00; -46 32 25.80;
-23 39 46.64; -46 30 28.57;
-23 39 29.22; -46 30 22.59;
-23 39 49.81; -46 30 25.12];

tim=[-23 38 06.40; -46 32 36.80;
-23 39 44.70; -46 31 27.30;
-23 37 59.60; -46 30 48.80;
-23 38 39.10; -46 30 36.20;
-23 37 29.30; -46 32 31.40;
-23 40 01.60; -46 32 34.60;
-23 40 45.50; -46 30 51.70;
-23 39 06.50; -46 29 58.00;
-23 41 25.80; -46 29 49.00;
-23 39 07.60; -46 32 11.60;
-23 42 27.40; -46 30 04.50;
-23 41 21.10; -46 31 50.20;
-23 39 48.60; -46 30 29.00;
-23 46 01.50; -46 27 34.20;
-23 40 02.10; -46 31 58.00;
-23 38 59.90; -46 32 41.90;
-23 38 35.90; -46 31 53.20;
-23 39 00.10; -46 31 57.70;
-23 40 32.90; -46 31 58.60;
-23 38 20.10; -46 29 27.90;
-23 39 48.60; -46 30 29.00;
-23 39 43.80; -46 31 57.20;
-23 46 04.40; -46 22 25.70;
-23 40 27.00; -46 32 31.00;
-23 37 26.60; -46 31 29.90;
-23 41 43.10; -46 31 19.20;
-23 39 21.10; -46 31 43.30;
-23 41 38.80; -46 30 19.10;
-23 43 32.30; -46 29 19.30;
-23 42 10.90; -46 30 44.00;
-23 40 18.90; -46 29 44.70;
-23 38 48.40; -46 30 58.60;
-23 37 31.00; -46 29 31.10;
-23 41 23.10; -46 30 53.30;
-23 38 19.80; -46 30 16.60;
-23 40 35.40; -46 30 24.90;
-23 38 16.50; -46 31 28.90;
-23 42 03.20; -46 31 08.10;
-23 38 56.90; -46 33 54.50;
-23 39 33.50; -46 32 38.40;
-23 38 43.60; -46 29 59.90;
-23 39 29.00; -46 32 14.10;
-23 40 29.10; -46 29 08.80;
-23 39 48.70; -46 30 23.90;
-23 37 26.60; -46 31 14.90;
-23 39 48.70; -46 30 23.90;
-23 38 16.70; -46 30 35.10;
-23 42 10.80; -46 30 03.30;
-23 39 21.80; -46 31 25.80;
-23 37 50.10; -46 31 45.70;
-23 40 07.80; -46 31 24.90;
-23 40 03.90; -46 32 00.30;
-23 40 20.10; -46 30 42.10;
-23 39 00.10; -46 31 57.70;
-23 41 09.30; -46 30 12.20;
-23 37 52.79; -46 29 45.49;
-23 38 59.70; -46 30 36.00];